[app/ui]
version = 8.0.2.1
modtime = 1596795920.752912200

[app/launcher]
version = 8.0.2.1
modtime = 1596795920.769916600

[html/preview_da_coleta_html]
owner = admin
version = 8.0.2.1
modtime = 1597665670.777518400
