[app/ui]
version = 8.0.2.1
modtime = 1596795920.752912200

[app/launcher]
version = 8.0.2.1
modtime = 1596795920.769916600
